13.592  13.314  12.502
3.740   3.631   4.310
9.059   8.951   8.602
10.304  10.247  9.698
13.901  13.064  12.047
15.836  15.372  14.366
13.542  13.005  12.012
13.547  13.012  12.022
11.324  11.159  10.520
6.749   6.822   6.800
9.949   9.931   9.463
14.795  13.807  12.625
2.440   2.780   2.870
10.067  8.948   7.719
17.288  17.036  16.414
10.790  9.949   8.800
10.230  8.160   6.460
5.061   5.380   5.451
10.673  10.578  10.020
7.158   7.069   6.950
12.505  12.133  11.353
17.807  16.974  15.743
9.479   9.338   9.169
7.670   7.551   7.419